1,0.88,
2,0.88,
3,0.88,
4,0.88,
5,0.88,
6,0.88,
7,0.88,
8,0.88,
9,0.88,
10,0.88,
11,0.88,
12,0.88,
13,0.88,
14,0.88,
15,0.88,
16,0.88,
17,0.88,
18,0.88,
19,0.88,
20,0.88,
21,0.88,
22,0.88,
23,0.88,
24,0.88,
25,0.88,
26,0.88,
27,0.88,
28,0.88,
29,0.88,
30,0.88,
31,0.88,
32,0.88,
33,0.88,
34,0.88,
35,0.88,
36,0.88,
37,0.88,
38,0.88,
39,0.88,
40,0.88,
41,0.88,
42,0.88,
43,0.88,
44,0.88,
45,0.88,
46,0.88,
47,0.88,
48,0.88,
49,0.88,
50,0.88,
51,0.88,
52,0.88,
53,0.88,
54,0.88,
55,0.88,
56,0.88,
57,0.88,
58,0.88,
59,0.88,
60,0.88,
61,0.8801,
62,0.8801,
63,0.8802,
64,0.8802,
65,0.8803,
66,0.8803,
67,0.8804,
68,0.8804,
69,0.8805,
70,0.8805,
71,0.8806,
72,0.8806,
73,0.8807,
74,0.8807,
75,0.8808,
76,0.8808,
77,0.8809,
78,0.8809,
79,0.881,
80,0.881,
81,0.8811,
82,0.8811,
83,0.8812,
84,0.8812,
85,0.8813,
86,0.8813,
87,0.8814,
88,0.8814,
89,0.8813,
90,0.8813,
91,0.8812,
92,0.8812,
93,0.8811,
94,0.8811,
95,0.881,
96,0.881,
97,0.8809,
98,0.8809,
99,0.8809,